algorithm.clip_ratio: 0.12789877213040837
algorithm.entropy_coef: 0.02
algorithm.lr: 0.0006506676052501415
